713
494
265
552
525
360
708
798
615
649
849
69
403
593
470
144
1
343
760
393
701
434
799
362
157
823
957
402
836
286
854
976
889
50
240
605
722
908
898
739
68
816
722
686
845
520
933
411
979
455
817
272
54
23
924
262
91
738
467
13
859
443
484
431
921
615
334
395
236
4
324
348
762
351
720
524
206
49
498
713
247
219
395
177
579
909
169
153
73
751
210
425
931
17
459
60
545
379
427
297
257
521
722
73
458
882
562
501
723
54
831
162
521
177
882
17
70
757
626
274
447
558
720
313
883
691
339
449
425
291
889
635
538
396
783
156
545
648
307
727
439
889
534
174
774
990
754
90
760
188
836
518
763
111
670
321
31
329
796
725
104
652
573
517
60
302
624
747
478
829
313
512
543
950
602
680
661
733
883
387
996
104
400
297
29
818
303
259
456
807
126
481
708
224
972
223
665
665
171
381
452
307
717
645
683
967
32
228
547
369
216
958
856
598
236
185
158
720
127
626
704
558
160
752
565
906
429
800
476
929
491
348
599
75
485
161
522
897
486
417
120
738
220
714
970
761
96
469
976
407
880
498
220
900
996
557
